"1","2","3","4","5","6"
0,0.53851648071345,0.509901951359278,0.648074069840786,0.141421356237309,0.616441400296898
0.53851648071345,0,0.3,0.331662479035541,0.608276253029822,1.09087121146357
0.509901951359278,0.3,0,0.244948974278318,0.509901951359278,1.08627804912002
0.648074069840786,0.331662479035541,0.244948974278318,0,0.648074069840786,1.16619037896906
0.141421356237309,0.608276253029822,0.509901951359278,0.648074069840786,0,0.616441400296898
0.616441400296898,1.09087121146357,1.08627804912002,1.16619037896906,0.616441400296898,0
